00122233333445556667770777766655554443322211111111111076  0
701222333333445566667777777776665544433322211111111112222345  2
112222223333344455556667770000777766665554433221111110110100100067  0
5322233333443445555777077776666544433322221111000111122333  2
3222333344445555566777777777666555444322221011100000111222333344  0
4333333343445556567777007777766655544443322220111000001112233444  2
433333333333434455555666577777777666554444333222111000000111122222334466  2
43333333343445555556677777777777655443332111011111111112225356  2
3333333333333444445555566667777777766665554443333221111000000111222333344556  0
32223333334445555566677777777766655444322120011000001122233344  0
3333344455555666777777776665444333221111100001111223334444  0
7122223333344445556577707777776665554433322220100000011223334444  2
1222333333444455556567777007777766655544333221111100000111222233334434  0
666665666666666666711111111111111111  1
355566566666666657505111111111111111111166  1
256666566666666666667111111111111111111115  1
66666666666656666667701111111111111111111225  1
455666656666666666666666766011111111111111111111110166  2
05666666666666666666666757671111111111111111111111122335  1
2366666666666466666666476666666011111111111111111111111111110707  1
70112232333444455566677777765554444433310077  2
0122222333333434455556667770777777666555444444444447  0
32233333344545556677777776665544433332  4
760232333333445555677777776665554444433334  4
01222233334445566777777766665554444333  0
6722233333445556677700777766655544443333  0
223334455555677777777766655554433333  4
222233334455666777776665555444333332  4
233333344555556667707777766655444436444472  4
6222333333444444555666777007777666655444433333332323  4
642223333334445555666777777777766655544444333444  4
22222333344445555666777077777766655544444433  4
62222333334455667077777666555444333333  4
1223333454555667777776665544333333  4
222334445566677777777665544433222210111111000776  0
701122233334455566777777655434332222101111122256  2
122223333344445555667777777766554444444446  4
543333333344445555677777777666655444443433  4
711223333334444555556777777777766655544344433333  4
432233333344445555567777777776665544444433332333  4
0222332333444444555556677777777766655444444443443727  0
5323334444445556567777777766655544444333333333  4
