41 154 142 122 41 154 140 122 41 154 141 122 41 154 141 122 41 154 141 122 41 154 139 122 41 154 139 121 41 154 140 121 41 154 139 121 41 155 139 121 41 156 139 121 41 156 138 121 42 156 138 120 42 156 137 120 42 156 135 119 41 156 137 119 41 156 136 119 41 156 137 118 42 156 137 117 42 156 136 117 42 156 137 117 
41 157 138 116 42 156 138 117 40 157 137 117 40 156 137 117 40 156 138 117 41 156 138 117 42 156 138 117 42 155 138 117 41 155 136 120 40 156 135 120 42 156 137 120 41 156 138 120 41 156 138 120 41 156 139 120 41 157 139 120 41 156 139 120 41 156 139 120 41 156 139 120 41 156 139 120 41 155 139 120 41 155 139 120 
41 154 139 120 41 154 139 120 41 154 139 120 42 154 139 119 42 154 139 119 43 154 139 118 42 154 138 119 42 156 137 117 41 154 139 120 42 154 144 121 41 155 140 121 40 154 141 123 42 154 141 122 41 154 140 122 41 155 140 122 41 156 141 121 41 156 141 121 42 156 141 121 41 156 142 120 42 157 142 120 41 158 142 119 
41 158 143 120 41 157 143 121 40 157 144 121 40 157 142 120 40 156 142 121 41 156 142 122 40 155 139 122 41 156 139 120 41 157 139 119 41 157 140 119 40 157 138 118 39 157 137 119 41 157 137 119 41 157 138 120 40 158 137 119 41 158 137 119 41 158 138 119 41 157 139 119 41 156 139 119 41 156 138 119 41 156 138 119 
40 155 138 119 40 154 138 119 41 154 138 118 41 154 138 118 41 154 138 118 42 155 138 118 42 155 138 118 42 154 138 119 42 154 138 118 42 155 138 118 42 155 137 118 43 156 138 118 43 155 138 118 42 156 138 118 43 156 138 118 42 156 138 118 42 156 138 118 41 157 138 118 42 156 138 119 41 157 138 119 41 157 138 119 
41 157 138 119 41 158 138 119 41 157 137 119 41 156 137 119 42 155 137 120 42 155 136 120 40 155 137 119 41 155 137 119 41 155 137 118 41 155 136 118 41 156 135 117 41 154 137 118 40 156 141 115 41 156 142 114 40 156 142 121 40 156 141 121 40 155 140 123 40 156 139 123 40 156 142 123 41 157 141 123 41 158 141 123 
41 157 140 123 41 159 141 122 41 159 141 122 41 160 141 122 41 160 141 122 41 159 141 122 41 159 141 122 41 159 141 123 41 158 140 123 41 158 140 123 41 158 140 124 41 158 141 123 42 159 140 123 42 159 140 123 41 159 141 123 41 159 140 123 41 159 140 123 41 159 140 124 41 159 140 124 41 159 140 124 41 159 140 124 
41 159 141 124 41 159 141 124 41 158 141 124 41 158 141 124 41 158 141 124 41 157 141 124 41 157 141 125 41 157 141 125 42 157 140 125 42 158 141 125 42 157 141 124 42 157 142 124 43 158 141 124 43 159 140 124 43 159 141 124 43 159 141 124 43 158 142 124 43 158 142 124 43 159 143 123 43 158 140 123 43 158 143 123 
43 157 144 123 42 158 144 123 43 158 139 123 42 158 143 124 42 158 143 123 42 157 141 122 41 157 142 123 41 157 141 122 41 157 140 120 42 157 140 118 42 157 139 118 42 157 140 117 43 156 138 118 43 157 138 117 42 156 138 117 43 157 138 116 43 157 139 116 42 156 139 116 43 156 139 117 42 157 139 117 42 157 139 117 
42 157 139 117 43 157 139 118 42 157 140 117 42 157 140 117 43 157 141 117 42 157 141 118 43 157 141 117 43 156 141 118 43 157 141 117 43 156 141 118 43 156 141 118 43 157 140 117 43 156 140 118 43 156 139 118 43 156 138 118 44 155 137 117 43 156 138 116 43 156 138 116 44 155 138 117 43 155 139 117 43 155 139 117 
43 155 139 117 43 155 138 117 43 155 138 117 42 155 138 117 44 156 138 117 44 157 138 117 43 157 137 117 43 157 137 117 43 157 137 117 43 157 137 117 43 157 138 116 41 158 138 117 42 158 138 117 41 158 138 117 41 158 138 117 43 159 138 116 42 158 138 117 42 158 139 117 42 158 139 117 44 157 138 117 44 157 138 117 
41 157 138 117 41 157 137 117 41 157 137 117 42 157 137 117 42 156 137 117 41 157 136 117 42 157 136 117 42 157 136 117 42 157 135 117 42 157 134 117 41 157 135 117 41 157 134 117 41 157 134 116 41 157 134 116 41 157 134 116 41 157 134 116 41 157 135 116 41 157 135 116 41 157 136 116 41 157 136 116 41 157 136 116 
41 158 136 116 41 158 136 116 40 158 136 116 41 158 136 116 41 158 136 116 40 157 134 116 41 157 134 116 41 157 133 116 41 157 133 116 41 157 132 116 41 158 132 116 42 158 132 116 42 158 132 116 42 158 132 116 42 159 133 115 41 159 133 115 41 159 133 115 41 159 134 115 42 158 134 116 41 158 136 116 41 158 136 116 
42 158 137 116 42 158 137 116 42 157 138 116 42 158 137 115 41 159 139 115 41 158 139 116 41 157 139 116 41 158 138 117 42 158 137 117 42 158 137 117 41 157 138 117 41 157 138 117 41 157 139 117 40 157 139 118 41 157 140 118 40 156 142 118 40 156 142 118 40 156 143 118 41 156 143 118 41 156 144 119 41 156 144 119 
41 156 143 119 41 156 143 119 42 156 143 119 41 157 143 119 41 157 143 119 42 158 143 117 41 158 143 117 41 157 143 118 41 157 143 118 41 157 143 118 42 158 142 118 42 158 142 118 42 158 142 118 42 160 142 116 41 160 142 116 41 159 141 117 42 159 141 117 41 159 141 118 42 158 141 118 42 158 141 118 42 158 141 118 
41 157 141 118 42 157 141 118 41 157 140 118 41 157 140 118 42 157 139 118 41 157 138 118 41 157 138 118 41 159 138 116 41 159 138 115 42 159 138 116 42 159 137 116 41 158 137 117 41 158 139 117 42 158 137 117 42 158 139 117 42 158 137 117 42 158 138 116 42 158 137 117 42 157 139 117 42 157 138 117 42 157 138 117 
42 157 137 117 42 157 137 118 42 157 137 118 42 156 138 118 42 156 139 119 42 157 139 119 43 156 138 119 42 156 139 119 42 156 139 119 43 156 139 119 43 156 139 119 43 156 137 119 43 156 138 119 43 156 138 119 43 156 138 120 44 156 136 119 45 156 136 119 43 156 138 119 42 155 138 118 42 155 138 117 41 156 138 117 
41 156 138 118 41 156 137 119 42 156 140 117 41 157 141 118 41 156 142 120 41 156 142 121 40 156 144 121 41 157 144 121 42 156 144 122 42 156 144 122 41 156 144 121 41 157 144 121 41 157 144 121 41 158 144 121 43 157 143 122 43 157 144 122 42 157 145 122 42 157 144 122 42 157 146 121 42 158 146 120 42 157 146 119 
42 157 146 118 42 157 142 118 41 157 142 117 42 156 142 117 41 156 142 119 42 156 139 118 41 156 139 118 41 157 141 117 41 157 142 117 42 157 143 117 41 157 143 117 42 157 144 117 42 158 144 118 42 158 145 118 42 157 145 118 42 157 145 118 42 157 145 118 42 157 145 118 42 157 145 118 41 157 145 118 42 157 144 118 
41 157 144 118 41 157 143 118 40 157 142 118 40 157 142 118 40 157 141 118 40 157 141 118 40 157 140 118 40 157 140 118 40 157 140 117 41 158 140 117 40 157 140 117 41 158 140 117 41 158 140 117 41 158 139 117 40 158 139 117 40 158 138 117 41 157 138 117 40 157 138 116 41 157 137 116 41 157 137 116 41 157 137 116 
41 157 137 116 42 158 138 116 42 158 138 116 42 158 138 116 42 158 138 116 42 157 139 116 42 157 139 116 42 157 140 116 42 157 140 116 42 157 140 116 42 157 140 116 42 157 139 115 42 157 139 115 42 157 139 115 42 157 139 115 42 157 138 115 42 157 138 116 43 157 138 116 43 157 138 116 43 157 138 116 43 157 138 116 
43 157 137 116 43 157 137 116 43 157 137 116 43 157 137 116 43 157 136 116 43 157 136 116 43 157 136 116 43 157 136 116 43 157 136 116 43 157 136 116 44 157 136 116 44 156 136 116 43 156 136 116 43 157 137 116 44 156 134 116 44 156 134 115 44 157 134 115 44 157 134 115 43 157 134 115 43 157 135 115 45 156 135 116 
45 156 135 115 44 156 137 115 43 157 138 116 44 156 138 117 42 156 138 117 42 156 139 117 42 156 139 117 41 157 138 116 42 157 138 115 42 156 139 117 41 156 140 117 42 156 140 117 41 157 140 117 41 156 139 117 41 156 139 117 42 156 139 117 42 156 139 118 42 156 140 118 41 156 140 118 41 156 141 117 41 156 141 117 
41 157 141 118 41 157 141 118 41 157 141 118 41 157 140 118 41 157 141 117 41 157 141 118 41 157 141 118 41 157 141 117 41 157 141 117 41 157 140 118 41 157 140 118 41 157 140 118 41 157 140 118 41 157 140 118 41 157 140 118 41 157 140 118 41 157 140 118 41 157 140 118 41 156 140 118 41 156 140 118 41 156 140 118 
41 156 140 118 41 156 140 118 41 156 140 118 41 156 140 118 41 156 139 118 41 156 139 119 41 156 139 119 42 157 138 118 41 157 138 118 41 157 137 118 42 157 137 118 42 157 137 118 41 157 141 118 41 157 140 118 41 157 139 118 41 157 138 118 41 157 138 118 41 158 138 118 41 158 138 117 41 157 138 117 42 157 138 117 
41 157 138 117 41 157 138 117 42 156 138 117 42 156 138 117 42 156 139 117 42 157 139 117 42 157 138 118 42 157 137 118 42 157 137 118 41 157 137 118 42 157 136 118 42 157 136 117 42 157 135 117 42 157 135 117 43 157 133 117 43 157 133 117 41 157 137 117 41 157 137 117 41 157 138 117 41 157 138 118 41 157 138 117 
41 157 138 117 41 157 138 117 41 157 138 117 41 157 138 118 41 157 138 118 41 157 137 118 41 157 137 118 41 157 137 118 41 157 137 118 42 157 137 118 42 157 137 118 41 157 137 118 42 158 137 118 41 157 137 118 41 157 137 118 41 157 137 118 41 157 137 118 41 157 134 118 42 157 133 117 42 156 132 118 42 156 131 118 
42 156 131 117 41 156 133 118 42 157 134 117 41 157 132 118 42 157 131 118 41 157 132 118 42 157 133 118 42 157 132 118 42 157 131 118 42 157 131 118 42 157 131 118 42 157 131 118 42 157 132 118 42 157 133 118 42 157 133 118 41 157 132 118 42 157 132 118 42 157 131 118 42 157 131 118 41 157 131 118 42 157 131 118 
41 157 131 118 41 158 131 118 42 158 131 118 42 158 131 118 42 158 131 118 42 158 131 118 42 158 131 118 42 157 131 118 42 157 131 118 42 157 131 118 42 157 131 118 43 157 131 117 42 157 131 117 43 157 132 117 44 157 132 117 43 157 133 117 44 157 134 117 43 157 134 117 43 157 135 117 43 157 135 116 44 157 136 116 
44 158 136 116 45 158 136 117 42 158 136 117 42 158 136 117 42 157 136 117 42 157 136 117 42 158 136 117 42 158 136 117 42 158 136 116 43 158 136 117 43 158 137 116 42 158 137 117 42 158 139 118 41 157 139 119 41 156 141 120 40 156 142 120 40 156 143 121 41 156 143 121 41 157 143 121 40 157 143 121 40 158 143 121 
40 158 142 121 41 157 143 121 42 157 143 121 42 158 143 121 42 158 143 121 41 158 143 121 41 158 143 121 41 158 143 121 41 158 143 121 42 158 143 121 43 159 143 121 41 159 145 121 41 159 144 121 41 159 144 121 41 159 144 121 42 159 143 121 42 159 143 121 41 160 143 121 42 159 143 121 42 159 143 122 41 159 143 122 
41 159 143 122 42 158 142 122 42 158 141 121 42 159 141 121 41 158 141 121 41 159 140 119 41 159 139 117 41 159 138 117 41 159 137 117 41 159 137 117 42 159 136 117 42 159 136 116 42 159 133 116 42 158 132 116 41 158 135 116 42 158 136 116 42 158 136 116 42 158 136 117 41 158 136 117 42 158 136 116 42 157 137 116 
41 158 137 116 42 158 136 116 41 158 137 116 42 158 136 116 42 158 136 116 42 158 137 116 41 158 137 116 41 158 136 116 42 158 136 116 41 158 136 116 41 158 136 116 41 158 136 116 41 158 136 116 41 158 136 116 41 158 136 116 42 158 136 116 42 158 136 116 43 158 131 116 44 158 132 115 42 158 133 116 42 158 134 116 
42 158 135 116 42 158 135 116 41 159 136 115 41 158 136 115 41 158 137 115 40 159 138 114 41 158 139 116 41 158 140 116 40 159 140 117 40 158 141 118 40 158 144 119 40 158 143 120 40 157 144 121 40 157 143 121 40 156 144 122 40 156 144 122 40 156 145 122 40 156 144 122 39 156 144 123 39 156 144 123 40 156 143 123 
39 156 142 122 41 156 141 123 41 156 142 123 41 157 143 123 41 157 143 122 41 157 143 122 41 158 143 122 41 158 143 122 42 158 143 122 41 158 142 122 42 158 142 122 42 158 142 121 41 159 143 121 42 159 143 121 42 159 143 121 42 158 142 121 42 158 142 121 42 158 142 121 42 158 142 121 42 158 142 122 42 158 142 122 
42 159 143 122 42 158 142 123 42 158 142 122 42 158 142 122 42 158 142 122 42 158 142 122 42 158 142 122 42 158 141 122 42 157 141 122 42 157 141 122 41 157 141 123 42 157 141 123 42 156 141 124 42 157 140 124 42 156 141 124 42 156 141 125 42 157 142 121 42 158 142 120 42 158 140 119 42 158 140 118 42 157 139 119 
42 157 139 120 42 157 140 119 42 157 140 119 43 157 140 118 43 157 138 118 43 158 139 118 43 158 139 118 44 158 138 118 44 158 138 118 42 158 138 117 42 158 138 117 43 158 137 118 43 158 137 118 43 158 136 118 43 157 136 118 43 158 136 117 43 158 135 117 43 158 136 116 44 158 136 116 44 158 135 116 43 158 135 116 
43 159 136 115 42 158 136 116 43 158 136 116 43 158 136 116 42 159 136 116 42 158 135 116 42 158 135 117 43 158 135 116 42 157 135 117 42 157 135 117 42 158 134 117 42 158 134 117 42 158 133 117 43 157 132 117 43 158 132 117 43 158 134 117 42 158 135 118 42 158 136 118 42 158 136 118 43 158 136 118 42 158 137 118 
42 158 137 118 42 157 137 118 42 157 137 118 42 158 137 118 42 157 137 118 41 157 137 118 41 157 137 118 41 157 137 118 41 157 137 118 42 158 137 118 41 157 137 118 41 158 137 118 42 157 135 118 42 157 134 118 42 157 134 117 42 157 133 117 43 158 134 117 42 158 134 117 42 157 135 117 42 157 134 117 42 156 135 117 
41 157 135 116 41 157 136 116 41 158 136 117 42 158 136 117 41 158 136 117 41 158 137 118 41 158 137 117 41 158 137 118 41 157 138 117 41 157 138 117 40 157 139 117 40 157 139 117 40 157 140 118 41 157 140 118 40 157 141 117 40 157 142 117 41 157 138 117 41 157 137 117 42 158 136 117 41 158 136 117 41 158 137 117 
77 81 121 134 77 82 121 134 76 81 121 134 77 82 122 134 77 83 120 134 77 82 121 134 79 73 121 132 80 73 121 132 80 73 121 132 79 73 121 131 81 75 120 130 80 82 120 128 79 80 120 128 79 81 120 128 78 86 120 125 77 86 120 125 76 81 120 125 76 82 120 125 75 80 120 125 75 80 119 125 74 80 119 124 
74 81 120 123 74 83 120 123 73 81 120 123 73 88 120 123 73 89 120 123 73 89 120 123 73 89 120 123 74 89 119 123 74 88 118 123 74 88 118 123 73 88 119 123 73 88 119 123 73 88 119 123 73 90 119 123 73 89 119 123 73 88 119 123 73 88 120 122 73 88 120 122 73 88 120 122 73 87 120 122 74 88 119 122 
74 88 119 122 74 87 119 122 74 88 119 122 74 88 119 122 74 88 120 123 74 88 120 123 74 88 120 123 74 88 120 123 74 88 120 123 74 88 119 123 74 88 119 123 75 89 118 123 74 88 119 123 74 88 119 123 74 89 119 123 75 89 119 123 75 89 118 123 75 88 119 123 74 88 119 123 74 88 120 123 74 88 120 124 
74 88 120 124 74 89 120 124 74 89 119 124 74 88 120 123 74 88 119 123 74 86 119 123 74 85 119 123 74 85 119 122 73 85 119 122 73 86 119 122 73 82 119 122 73 82 119 121 74 80 119 121 73 80 119 121 74 81 118 120 74 79 118 120 74 88 118 120 74 86 118 119 73 86 118 119 74 86 118 118 74 78 117 117 
74 87 116 116 75 82 114 117 75 82 114 118 74 76 114 117 74 77 114 117 74 79 114 117 74 78 114 117 74 75 113 116 74 75 113 116 74 75 113 116 74 75 113 116 74 75 113 116 74 74 113 116 74 74 113 116 74 74 113 116 75 78 113 117 75 78 113 117 75 78 112 117 76 78 112 118 75 78 113 117 75 79 113 117 
75 79 113 117 74 80 114 117 74 79 114 117 74 79 114 116 74 79 114 117 74 80 115 117 74 81 116 118 74 82 116 118 74 84 117 118 73 84 117 118 73 84 118 118 73 84 118 118 74 84 118 118 74 84 118 118 74 85 119 118 74 85 119 118 73 87 120 118 73 87 120 119 73 87 121 119 73 87 121 119 73 87 120 119 
73 87 120 120 73 87 120 120 73 87 120 120 73 87 120 119 73 88 120 119 73 85 120 119 73 80 120 119 73 80 120 119 73 80 120 118 73 80 120 118 73 80 120 119 73 80 120 119 73 80 120 119 74 79 119 118 74 79 118 118 74 78 117 116 74 78 116 116 74 77 115 116 74 78 115 115 74 83 115 115 74 82 115 116 
74 83 115 117 74 82 115 117 75 82 114 116 75 83 114 116 75 84 113 116 75 78 113 116 75 78 113 115 75 77 113 115 75 77 112 115 75 79 113 115 75 76 113 115 75 77 113 115 75 76 113 115 75 76 113 115 74 76 113 115 74 79 113 115 75 78 113 117 75 79 113 117 75 78 113 118 75 78 113 118 75 78 113 118 
75 81 113 118 75 79 113 118 75 79 113 118 74 80 114 117 74 80 114 117 74 81 114 117 74 82 114 117 74 81 114 116 74 82 114 116 74 83 114 116 74 82 114 116 73 82 114 116 74 82 114 116 74 82 114 116 74 82 114 116 74 85 114 116 74 86 114 115 75 85 113 115 76 86 113 115 75 85 113 116 75 85 113 116 
74 85 114 116 74 85 114 116 74 85 114 116 74 85 114 116 74 85 115 116 74 85 115 116 74 85 114 116 74 85 115 116 75 85 114 116 75 85 114 116 74 85 114 116 74 84 114 116 74 84 115 116 74 84 115 116 74 83 115 116 74 83 114 116 76 87 113 114 75 84 113 114 74 84 114 111 74 83 114 113 74 84 116 116 
75 85 116 117 74 86 119 118 75 88 118 119 75 83 118 121 75 82 118 122 74 82 118 121 74 82 118 120 73 82 119 120 73 84 119 121 74 84 119 122 74 84 119 122 73 81 121 122 74 82 121 122 74 80 120 121 74 80 119 120 73 79 119 119 75 72 118 118 75 72 117 117 75 71 117 117 75 70 116 117 75 70 115 116 
75 70 115 116 75 70 115 116 75 70 115 116 74 70 115 116 74 70 114 116 75 70 114 116 75 70 114 116 76 70 113 116 76 70 114 117 76 70 114 117 76 69 114 117 77 69 114 117 77 69 114 117 76 69 114 117 77 68 113 117 77 69 113 117 77 68 113 117 76 68 114 117 76 68 114 117 76 68 114 117 76 69 115 117 
76 69 115 117 76 69 115 117 76 69 115 117 75 69 115 117 75 69 115 117 75 70 115 116 75 70 115 116 75 70 115 117 74 69 115 117 74 69 115 117 74 69 115 117 75 68 115 117 75 68 115 117 74 68 115 117 74 68 115 117 74 68 115 117 74 68 115 116 74 68 115 117 74 68 115 117 74 67 115 117 74 67 115 117 
74 68 115 117 74 68 115 117 74 68 115 117 74 68 115 116 74 68 115 116 74 69 115 116 74 69 115 116 74 69 114 116 75 70 114 116 75 70 114 116 76 70 114 116 76 70 114 116 76 70 114 116 75 70 114 116 75 70 113 116 75 68 113 117 75 68 112 115 74 69 111 115 74 68 111 115 74 68 111 115 74 66 111 115 
74 66 111 115 73 66 110 115 72 65 110 115 73 65 110 115 73 65 110 115 73 65 110 114 73 66 110 114 73 65 110 114 73 65 110 114 72 66 110 113 72 66 110 113 73 66 110 113 73 66 110 113 72 66 110 113 72 66 110 113 72 66 110 113 72 66 110 114 73 65 110 114 72 65 110 114 72 65 110 114 72 65 110 114 
72 65 110 114 72 65 110 114 72 64 110 114 71 64 110 114 72 65 110 113 71 65 111 114 72 65 111 114 71 65 111 114 72 66 110 113 72 66 110 113 71 66 112 113 71 65 112 114 69 65 114 114 69 65 114 114 70 66 114 114 71 66 114 114 72 67 114 114 72 67 114 114 72 68 114 114 70 77 114 114 70 66 114 114 
70 66 114 114 72 67 114 114 72 67 114 114 74 70 114 115 74 79 114 115 75 83 115 115 75 69 115 115 75 84 115 115 75 84 115 115 75 85 116 115 75 79 115 115 75 79 115 115 75 83 115 115 75 84 116 116 74 83 116 116 73 78 116 116 75 78 115 116 74 77 116 116 73 77 116 116 74 77 116 116 74 78 116 116 
76 78 111 116 74 68 116 116 74 68 116 116 75 78 116 116 74 67 116 116 74 67 116 116 74 68 116 116 73 68 116 116 73 67 116 116 73 66 116 116 73 73 116 116 72 65 116 116 72 73 116 116 71 65 116 116 72 66 116 116 73 67 116 116 75 70 116 116 76 70 116 116 76 71 116 115 76 76 116 115 77 78 116 115 
77 72 116 115 80 79 115 115 85 77 113 115 89 83 115 115 97 104 118 115 103 109 122 116 104 86 122 116 140 82 90 116 130 107 88 116 126 100 88 117 107 99 93 118 115 71 86 119 107 54 91 119 89 52 114 119 91 53 113 119 91 114 112 82 84 115 113 82 77 114 113 82 75 113 113 82 52 65 135 119 69 66 110 119 
65 66 126 119 65 67 125 118 70 70 119 118 82 69 119 118 78 72 113 118 72 72 117 117 77 71 118 116 77 72 117 116 78 71 117 116 77 71 117 116 74 68 117 116 73 66 117 116 71 65 117 116 71 65 116 116 72 67 116 116 72 66 116 116 73 67 116 116 72 67 115 116 73 67 115 116 73 66 115 116 74 66 115 116 
73 66 114 116 73 66 115 116 75 66 114 115 74 66 114 115 74 66 114 115 74 65 114 115 73 66 114 115 73 72 114 115 74 72 114 115 74 73 114 115 73 73 114 115 72 72 114 115 72 65 114 116 71 65 115 116 71 65 115 116 72 72 115 116 72 66 115 116 72 67 116 116 73 68 116 117 73 69 116 117 74 69 116 118 
74 69 116 118 74 69 116 118 74 70 118 118 74 70 118 119 74 70 119 119 74 69 119 119 75 70 119 120 75 71 119 120 75 71 119 120 76 71 118 119 76 70 118 120 76 70 118 120 75 70 118 120 75 69 118 119 76 71 118 119 76 71 118 120 76 71 119 120 75 70 119 120 76 70 119 120 75 71 119 120 75 71 119 120 
76 70 119 120 76 70 119 120 76 71 119 120 76 70 118 120 75 71 118 120 76 71 119 120 76 71 118 120 75 70 119 121 75 70 119 121 74 71 119 120 74 71 119 120 73 71 118 120 73 70 118 120 73 70 118 119 73 68 118 119 73 67 118 120 73 67 117 120 73 67 118 120 73 67 117 120 73 67 117 119 73 68 116 119 
73 68 116 117 73 67 116 117 73 68 115 117 74 68 114 117 74 68 114 117 75 69 114 117 75 70 114 116 73 69 115 116 74 69 114 116 74 69 113 116 75 70 114 115 75 69 114 115 75 70 114 115 75 67 114 116 75 66 113 117 75 65 113 118 75 67 114 117 75 67 114 117 75 67 114 116 75 68 114 116 75 69 114 116 
75 69 114 116 75 69 114 116 75 69 114 116 75 68 114 117 75 68 114 116 75 68 113 117 75 68 113 117 75 68 114 117 75 68 114 117 75 68 115 117 75 68 115 117 75 68 115 117 75 68 115 117 75 68 115 117 75 68 115 117 75 68 115 117 75 68 115 117 75 67 115 117 75 67 115 118 75 68 115 118 75 68 115 118 
75 66 113 120 76 67 112 118 75 68 112 118 75 68 113 118 76 68 113 117 76 68 113 117 76 67 113 118 76 68 113 117 76 68 113 118 76 68 114 117 76 69 115 118 76 69 116 118 74 69 117 119 75 70 118 119 74 71 119 119 75 71 119 120 76 72 120 121 76 73 121 120 74 72 123 121 74 72 123 121 74 72 123 122 
74 71 123 122 74 71 122 122 74 70 122 123 75 70 122 123 76 70 122 123 75 70 121 123 75 70 121 122 75 70 120 122 74 69 120 122 74 69 120 121 74 69 120 121 74 69 119 121 74 69 119 121 74 69 119 121 74 69 119 121 74 69 119 121 74 68 119 121 74 67 119 121 74 67 119 122 73 67 120 123 73 68 120 122 
73 67 119 124 74 67 118 124 72 68 120 125 73 67 119 125 74 69 118 126 74 70 118 126 72 70 119 126 72 70 118 125 73 69 118 126 72 69 117 125 73 71 116 124 73 71 117 124 72 71 117 122 72 71 117 123 71 71 117 123 71 71 117 123 72 72 118 123 72 71 118 123 71 70 118 124 71 70 118 124 71 70 119 125 
72 69 119 125 72 70 118 124 72 70 119 124 72 71 119 124 72 70 119 124 72 70 119 124 73 70 119 124 72 69 119 124 72 68 119 124 72 68 119 123 72 68 118 123 72 68 118 121 72 68 118 121 73 67 116 120 73 67 116 120 73 66 115 119 73 66 115 119 73 65 115 119 73 65 115 119 73 65 115 119 73 66 114 118 
74 65 114 118 74 66 114 118 74 65 114 118 74 66 114 118 75 65 113 118 75 66 113 118 75 66 113 119 75 66 113 119 75 66 112 119 75 66 113 119 75 66 113 119 75 66 113 119 75 66 113 119 75 66 113 119 74 66 114 119 74 66 113 118 75 66 113 118 75 65 113 118 76 65 113 118 76 65 113 118 74 65 114 118 
74 65 114 118 75 65 114 118 75 65 113 118 75 66 113 118 74 66 113 119 75 65 113 118 75 65 113 118 75 66 114 118 75 66 114 118 74 68 117 118 74 68 118 119 74 69 118 120 74 68 120 121 73 68 120 123 74 69 120 123 74 69 121 123 74 69 121 124 74 69 121 124 74 68 121 125 74 68 121 125 74 68 121 125 
74 68 121 125 74 69 121 125 74 70 121 125 74 70 120 125 74 70 120 125 74 70 120 125 74 70 120 125 74 70 120 125 74 70 120 125 73 69 120 125 73 69 120 125 72 68 122 125 72 69 122 121 72 70 122 121 73 70 122 122 73 70 123 122 73 70 122 122 73 69 122 123 73 69 122 123 73 69 121 123 73 68 120 122 
73 68 120 123 74 68 119 120 74 68 119 119 74 68 118 119 74 69 118 119 74 69 118 119 74 69 118 119 74 69 117 118 74 69 117 118 74 69 116 117 74 69 116 117 74 68 116 117 74 68 115 117 74 68 115 117 73 68 115 117 73 68 114 116 73 68 114 116 74 68 113 116 74 68 113 116 74 68 113 116 74 68 113 117 
74 65 113 118 74 65 113 118 74 65 113 118 74 65 113 118 75 65 112 117 75 66 112 117 74 66 113 117 74 66 112 117 74 67 112 116 74 67 113 116 74 67 113 116 73 66 113 117 74 67 113 117 74 67 113 117 74 67 113 117 74 67 113 117 74 67 113 117 74 67 113 117 75 67 113 117 74 67 113 117 75 66 113 117 
75 66 113 117 77 66 111 117 76 66 112 117 76 65 112 118 76 65 112 118 76 65 112 118 76 66 112 118 76 66 112 118 76 66 113 118 75 74 114 117 75 74 114 117 76 66 111 117 77 66 111 117 76 66 111 118 75 66 112 117 75 72 112 117 75 71 112 117 75 65 113 117 74 65 113 117 75 66 113 117 75 66 113 117 
75 67 114 118 74 68 115 118 74 68 116 119 74 68 117 119 74 69 117 120 74 69 117 120 74 69 118 120 74 69 119 120 73 69 119 121 73 68 119 122 73 69 119 123 73 69 119 123 73 69 118 123 72 69 119 123 71 68 119 122 71 68 119 122 70 67 119 123 71 67 119 123 70 67 119 123 70 68 119 123 72 69 119 123 
72 70 119 122 72 70 119 122 72 71 119 122 72 70 119 122 72 70 119 123 72 70 119 123 72 69 118 124 73 69 118 124 73 68 119 124 73 70 119 124 73 70 119 123 73 70 119 123 72 70 119 123 73 69 119 124 72 69 119 124 73 68 119 124 73 69 119 124 73 69 119 124 73 68 119 125 73 69 119 125 73 69 119 125 
73 68 119 125 73 68 119 125 73 69 118 125 73 68 118 125 73 68 119 125 73 69 119 125 73 69 120 125 73 68 120 126 74 70 120 125 74 71 120 125 73 71 119 125 73 69 119 125 73 68 119 126 73 69 119 126 73 70 119 124 72 70 119 124 72 71 119 121 72 71 119 121 74 71 115 117 74 70 114 116 75 68 114 116 
75 68 114 116 75 68 113 116 75 69 113 115 75 68 113 115 75 68 114 115 75 68 113 115 75 68 113 115 75 66 113 119 75 66 113 119 74 67 114 118 75 67 114 118 75 67 114 118 75 67 114 118 75 67 114 118 75 67 115 118 75 68 115 118 74 68 115 118 74 69 115 117 75 69 115 117 75 68 115 117 75 74 116 120 
75 69 115 118 75 68 115 119 75 68 116 118 75 68 116 117 74 68 115 117 74 68 115 117 74 68 115 117 74 68 116 117 74 68 116 116 73 68 116 117 73 68 116 116 73 68 116 117 73 67 115 116 73 68 115 116 73 67 115 117 73 66 114 116 73 65 115 117 73 65 115 117 73 64 115 117 74 65 116 117 74 66 117 117 
124 157 119 112 123 158 120 112 122 159 120 112 122 158 120 112 119 160 120 112 119 161 120 112 116 161 120 112 114 161 120 112 108 161 120 112 104 161 120 112 91 160 122 112 83 160 123 112 71 160 130 112 63 159 130 112 45 158 128 111 39 158 128 111 37 158 124 110 34 158 124 110 32 158 125 110 32 159 124 110 32 159 123 110 
32 159 123 110 32 160 122 110 32 160 122 110 31 161 122 109 31 161 122 109 32 161 121 109 32 161 121 109 32 161 119 109 32 161 119 109 33 160 119 109 33 160 118 109 34 160 119 109 34 160 122 108 42 160 122 108 44 160 123 108 56 160 123 110 64 160 124 110 75 160 127 111 80 161 126 111 90 160 127 111 97 161 126 111 
106 161 122 111 110 160 121 111 120 160 120 112 125 160 119 112 155 158 115 112 159 158 115 112 162 157 115 112 162 158 115 112 159 158 115 112 157 158 115 112 152 159 115 112 149 159 116 112 144 160 116 112 141 160 116 112 137 159 116 112 134 159 116 112 127 159 116 112 122 158 116 112 101 158 118 112 93 158 119 111 75 158 121 111 
69 158 126 111 58 158 126 111 53 159 125 110 49 159 122 110 46 159 121 110 32 159 121 109 33 159 120 109 33 159 119 109 33 159 119 109 33 159 118 108 33 159 118 108 33 159 118 108 33 159 118 108 33 160 118 108 33 160 118 108 33 160 118 108 34 160 118 108 32 161 120 108 36 160 120 108 38 160 122 108 43 160 123 109 
47 158 130 110 50 158 132 110 60 159 132 110 68 159 131 110 85 159 131 110 89 159 131 110 82 159 134 110 74 160 133 110 95 159 130 110 83 159 133 110 98 159 127 111 84 159 132 111 96 159 127 111 95 159 127 111 89 160 124 111 90 160 126 111 86 160 127 111 84 161 127 111 71 161 129 111 68 161 129 111 58 161 129 110 
55 161 128 110 48 161 130 110 43 161 130 110 37 160 130 109 42 160 123 109 34 160 124 109 33 159 124 108 32 160 124 108 31 160 123 108 31 160 123 108 31 160 123 107 31 161 122 107 31 161 122 108 32 161 122 107 32 161 122 107 34 161 121 107 35 161 121 107 34 161 125 107 41 161 123 108 49 159 124 109 54 159 124 109 
57 159 131 109 64 159 129 109 70 159 132 109 76 159 131 109 85 159 130 109 88 160 129 109 93 159 128 110 94 160 127 110 92 160 124 110 92 160 123 110 93 160 124 111 93 160 123 111 93 160 123 111 91 160 124 111 84 160 124 111 82 160 121 111 72 160 124 111 67 160 124 111 52 160 124 111 56 160 121 111 47 160 121 110 
44 160 121 110 38 160 122 109 33 160 122 109 32 160 120 108 31 160 120 108 31 160 120 108 31 160 120 108 31 160 120 108 31 161 120 108 31 160 120 108 31 161 120 108 30 161 119 108 30 161 119 108 30 160 118 107 30 160 118 107 31 160 118 107 33 160 118 107 33 160 122 107 35 160 123 107 51 160 121 108 56 161 119 108 
64 160 122 109 67 160 123 109 73 160 125 109 76 161 125 109 80 161 126 109 84 161 126 109 92 161 127 109 96 160 127 109 98 160 126 109 97 160 126 109 97 160 126 109 97 160 126 110 96 160 126 110 92 160 128 110 92 159 127 110 93 160 127 110 92 159 126 110 90 159 126 110 81 159 127 110 77 158 127 110 67 158 127 110 
61 158 127 110 52 159 125 110 48 159 125 110 45 159 125 109 46 159 122 109 37 159 121 109 36 159 121 108 32 160 122 108 32 160 121 108 32 160 121 108 32 160 121 108 31 160 121 108 31 160 121 108 31 160 121 108 31 160 121 108 31 159 121 108 30 159 121 108 31 159 121 108 31 159 121 108 30 160 121 108 30 159 121 108 
30 160 121 108 31 160 121 108 30 160 121 108 30 160 120 107 31 160 120 107 31 160 120 107 31 160 121 107 31 160 121 107 32 159 121 107 29 160 123 107 36 160 122 107 36 160 127 107 44 160 127 108 48 161 127 108 56 161 128 108 60 161 129 109 68 160 129 109 73 160 128 109 80 160 128 109 83 160 128 109 87 159 127 110 
91 159 127 110 93 160 126 110 85 159 127 110 80 159 125 110 101 159 119 110 99 160 124 110 98 160 125 110 100 160 124 110 100 160 123 110 98 160 122 110 85 159 123 110 74 160 125 110 69 160 125 110 60 160 125 110 57 160 125 110 50 160 125 110 47 160 125 109 42 160 126 109 43 159 124 109 34 161 122 108 33 161 122 108 
33 161 122 107 33 162 122 107 33 161 121 108 34 161 121 108 33 160 121 108 33 161 121 108 33 161 120 107 33 160 121 107 34 161 123 108 31 160 127 108 37 161 125 108 39 161 125 108 43 161 126 110 46 161 126 110 49 160 127 110 50 161 127 111 54 160 128 111 55 160 129 111 65 160 127 111 67 160 127 112 75 159 126 112 
78 159 126 112 82 158 125 112 84 158 125 112 88 159 125 112 90 159 125 112 102 158 127 112 104 158 128 113 108 158 127 112 109 158 123 112 108 157 121 112 108 158 121 112 107 158 119 112 106 158 119 112 103 158 120 112 102 158 120 112 97 158 121 111 97 158 127 111 90 158 125 111 82 158 128 111 76 159 128 111 79 159 128 111 
73 158 128 111 70 159 127 111 63 159 127 111 61 158 127 110 54 159 127 110 51 159 127 110 46 159 127 109 40 159 122 109 37 159 124 109 37 159 123 109 35 159 123 109 24 159 127 109 33 160 126 109 33 160 126 108 32 160 125 108 32 160 125 108 32 161 123 108 32 161 124 108 32 161 124 108 32 161 124 108 32 161 124 108 
32 161 124 108 32 160 122 107 31 160 122 107 31 160 121 106 31 160 120 106 33 160 120 107 35 160 119 107 47 160 118 108 50 160 120 108 56 160 125 108 61 159 127 109 68 160 128 109 72 160 128 109 78 159 128 109 82 160 128 110 85 159 128 110 87 159 128 111 87 159 128 112 87 159 128 113 87 159 129 114 87 158 129 115 
86 158 129 115 85 158 129 116 85 158 130 116 85 157 130 116 84 158 130 116 85 158 130 116 85 158 130 116 84 159 130 116 82 160 129 115 80 160 130 115 81 160 123 114 70 160 126 114 66 159 125 113 63 160 125 112 57 159 122 111 55 158 121 110 49 158 120 109 47 157 120 108 42 157 119 108 46 158 111 108 40 158 118 108 
37 158 118 108 36 158 117 107 36 159 116 107 31 158 119 107 31 159 119 106 32 159 118 106 31 159 118 106 31 159 118 106 33 159 117 107 33 159 117 107 33 159 117 107 34 159 117 107 34 159 117 107 34 159 117 107 34 159 117 107 33 159 117 107 33 159 117 107 30 159 122 107 31 159 119 107 40 159 117 107 41 159 117 108 
50 159 124 109 53 159 125 109 65 159 124 109 69 159 125 109 75 158 126 109 78 159 127 110 82 159 126 110 85 158 126 110 90 158 124 110 91 158 124 111 90 158 121 111 91 158 121 111 90 158 122 111 89 158 123 111 87 158 120 111 79 158 124 111 75 158 125 111 85 159 119 111 80 158 124 111 79 159 125 111 75 158 125 111 
74 159 125 111 70 159 125 111 68 159 125 111 61 159 125 111 58 159 124 111 51 159 124 111 49 158 124 111 43 158 123 110 36 158 123 110 32 157 123 109 32 157 122 109 33 157 118 109 33 157 118 109 32 158 118 109 32 159 118 109 32 159 118 108 32 159 118 108 30 160 118 108 31 159 118 108 30 159 119 108 30 159 119 108 
30 158 119 108 30 158 119 108 28 158 122 108 28 158 122 108 30 158 121 108 30 159 121 108 31 160 121 108 32 160 121 108 36 161 122 108 37 161 126 108 75 160 125 109 79 159 124 109 84 159 128 109 76 160 128 109 85 160 127 109 86 160 127 109 86 159 127 109 87 159 127 109 86 158 125 110 86 158 123 110 85 157 123 110 
86 158 125 110 82 157 125 110 73 158 126 110 71 159 127 110 67 159 127 110 63 160 126 110 57 160 126 110 51 159 124 110 49 160 124 110 46 160 124 110 44 160 124 110 41 159 125 109 39 159 125 109 37 159 126 109 35 160 126 108 30 161 123 108 31 160 121 108 30 160 122 108 29 160 123 108 28 160 123 106 28 160 124 107 
29 159 121 107 29 159 121 107 28 159 122 107 28 159 122 107 28 159 123 107 28 159 123 107 28 160 123 107 28 160 123 107 30 159 123 107 30 159 124 107 40 159 129 109 45 159 128 109 55 158 127 109 59 158 128 109 65 159 129 110 69 158 131 110 77 158 131 110 81 159 131 110 86 159 130 111 88 159 129 111 85 158 130 111 
85 158 130 111 88 158 129 112 81 158 128 111 84 158 124 111 82 158 124 111 81 158 126 111 79 158 126 111 76 158 126 111 73 159 126 111 68 159 126 111 66 159 126 111 60 160 125 110 57 160 125 110 53 160 124 110 51 159 123 110 47 159 121 110 44 160 122 109 39 160 122 109 37 160 119 109 32 160 118 108 32 160 118 108 
31 160 117 108 31 161 117 108 33 160 116 108 33 160 116 108 33 160 116 107 33 160 116 107 33 160 116 107 33 160 116 107 32 160 116 107 32 160 115 107 32 159 116 107 32 159 116 107 33 159 116 107 34 159 116 107 35 159 116 107 36 159 117 108 41 159 122 108 44 159 123 108 51 159 125 109 55 158 125 109 64 159 127 109 
69 159 127 109 76 159 127 109 79 159 127 110 84 158 127 110 85 159 127 110 86 158 126 110 86 157 124 110 94 158 125 110 70 158 126 110 80 158 128 111 70 158 126 111 92 158 125 111 91 158 125 111 89 158 125 111 86 159 125 111 83 159 125 111 81 159 125 111 78 159 124 111 77 160 124 111 72 160 124 111 68 160 124 111 
63 160 124 110 59 160 124 110 54 160 123 110 51 160 123 110 47 160 123 110 43 160 124 109 38 160 124 109 36 161 124 109 36 160 121 109 35 160 121 108 33 160 123 108 32 160 120 108 32 160 121 108 32 160 121 108 32 161 121 108 32 161 121 107 31 160 120 107 32 160 120 108 31 160 120 108 29 159 122 108 29 159 122 108 
31 159 120 108 31 159 119 107 30 160 121 108 29 160 123 107 29 159 123 108 26 159 124 107 29 160 123 107 31 160 125 107 34 160 124 107 41 160 127 108 50 159 121 109 59 159 125 109 62 159 126 109 72 160 128 109 75 160 129 109 86 160 130 109 91 160 129 109 99 160 126 109 97 160 121 110 93 159 124 110 93 158 125 110 
93 158 125 110 87 157 125 111 93 158 125 111 93 158 125 111 97 158 123 111 97 158 123 111 96 159 123 111 94 159 123 111 90 159 123 111 87 159 122 111 82 159 120 111 81 159 120 111 76 159 124 111 73 160 125 111 66 160 126 111 63 160 126 111 57 160 125 110 52 160 125 110 46 160 125 110 44 160 125 110 39 160 126 109 
36 160 127 109 35 160 124 109 32 160 123 109 32 160 121 108 31 160 120 108 31 160 120 108 31 160 120 108 31 160 119 108 31 160 119 108 31 160 119 108 31 160 119 108 31 161 119 108 31 160 119 108 31 160 119 108 31 160 119 108 31 159 119 108 32 159 119 108 32 159 119 108 31 159 119 108 31 158 119 108 33 159 119 108 
41 159 119 108 46 159 121 108 54 159 120 109 55 159 124 109 66 159 124 109 70 159 125 109 77 159 125 109 81 159 125 110 87 159 125 110 88 159 125 110 89 159 126 110 79 159 126 110 88 158 122 110 88 158 125 110 89 158 119 111 93 158 123 111 90 158 123 111 88 159 123 111 84 159 121 111 84 158 122 111 82 159 123 111 
79 159 123 111 74 159 123 111 71 159 123 111 65 159 123 111 62 159 123 110 56 160 122 110 54 160 122 110 51 160 121 110 47 160 121 110 40 160 123 110 38 161 123 109 33 160 123 109 33 161 122 109 32 160 119 109 32 160 120 109 31 160 119 108 31 160 119 108 31 160 119 108 30 160 119 108 30 160 119 108 29 160 119 108 
30 160 119 108 30 160 118 108 30 160 118 108 30 160 118 108 30 160 118 108 28 160 121 108 31 160 119 108 32 159 119 108 37 159 118 108 38 159 121 108 43 160 122 108 46 159 122 108 56 160 122 108 58 160 121 109 61 160 124 109 67 160 125 109 71 159 127 110 75 158 126 110 80 159 126 110 82 158 126 110 85 158 126 110 
83 158 121 110 86 157 124 111 85 157 124 111 84 158 124 111 83 157 122 111 80 158 124 111 79 157 124 111 76 157 124 111 77 157 121 111 73 158 124 111 70 158 124 111 67 158 123 111 64 158 123 111 58 158 121 110 52 158 122 110 48 159 123 109 43 159 125 109 36 159 128 109 33 159 128 109 32 159 125 109 31 159 124 109 
30 159 124 109 30 159 124 109 29 160 124 109 28 161 124 109 27 160 123 109 26 161 126 108 26 161 126 109 27 161 126 109 20 161 127 108 26 161 127 108 28 161 123 108 29 161 123 108 28 160 123 108 28 160 123 107 28 160 123 107 28 161 123 107 31 162 121 107 32 162 120 106 32 162 126 107 36 163 128 109 49 163 121 108 
52 162 120 109 65 161 121 109 69 161 122 109 78 160 122 109 81 160 120 109 87 159 123 110 89 158 123 110 88 158 125 110 89 158 126 110 93 158 119 110 91 158 122 110 93 158 118 110 92 159 119 110 90 159 121 110 88 159 122 110 77 159 122 110 66 159 121 110 78 159 123 110 76 159 123 110 72 159 123 110 70 159 123 110 
66 159 123 110 63 159 123 110 59 160 123 110 57 159 123 110 52 160 123 110 50 160 123 110 44 160 124 110 41 160 124 109 38 160 124 109 35 160 120 109 34 160 120 109 32 160 119 109 32 160 118 109 32 160 118 109 32 160 118 109 32 160 118 109 31 160 117 109 31 160 117 109 31 160 117 109 31 160 117 109 32 160 117 109 
30 160 117 109 31 159 117 109 31 159 117 109 31 159 117 109 30 159 117 109 32 159 117 109 33 159 117 109 34 159 117 109 38 159 117 109 42 159 122 109 47 159 122 109 60 159 119 109 64 160 120 109 72 160 122 109 76 160 123 109 84 160 123 109 87 160 123 110 93 160 124 110 90 160 121 110 82 160 127 110 83 159 127 110 
88 159 127 110 91 159 123 110 92 159 124 111 90 159 122 111 91 159 123 111 89 159 123 111 85 158 124 111 83 158 124 111 79 158 124 111 78 158 124 111 73 158 124 111 70 159 124 111 64 159 124 111 58 159 124 110 52 160 123 110 50 160 123 110 46 160 123 110 44 160 123 110 39 160 124 109 37 160 124 109 37 160 120 109 
34 160 120 109 31 160 120 109 31 160 119 109 31 160 118 109 31 160 117 108 32 160 117 108 32 160 117 108 31 161 117 108 31 160 117 108 31 160 116 108 31 160 116 108 31 160 116 108 30 160 116 108 30 160 117 108 30 160 116 108 33 159 116 108 36 159 118 108 47 159 123 109 53 159 122 109 61 159 123 109 64 159 124 109 
